-6.405876250360827973e-01
-6.653258799684491631e-01
-6.690899729565252807e-01
-6.728682878902011444e-01
-5.963752293540039995e-01
-5.675715837064815306e-01
-5.824459029235292684e-01
-7.806845582468119327e-01
-7.062258516425335975e-01
-7.877367170212352665e-01
-7.273207405272992254e-01
-6.152547193303637973e-01
-7.049220801709334960e-01
-9.047228910061959617e-01
-1.057414639951407942e+00
-1.606650362228992268e+00
-9.519625063677599197e-01
-6.653258799684491631e-01
-6.116875577705852551e-01
-6.728682878902011444e-01
-7.286540639365833849e-01
-9.047228910061959617e-01
-9.773014562053098375e-01
-8.430230645247396293e-01
-1.169075257189753803e+00
-8.596145545309069602e-01
-1.185794360977346251e+00
-1.024595262041666954e+00
-1.276163047986375920e+00
-1.160819373359942341e+00
-1.474526713364300967e+00
-1.370434405556804291e+00
-1.417134808636075771e+00
-1.398713511085324157e+00
-1.294789649265968068e+00
-1.248857951059462845e+00
-1.124488852731808652e+00
-1.120532413398103611e+00
-1.106806860949473448e+00
-1.044523252204744512e+00
-1.124488852731808652e+00
-1.255614646880291341e+00
-1.320981267615441990e+00
-1.244378717371412701e+00
-1.342933063779060854e+00
-1.401324439813614875e+00
-1.352846264069049509e+00
-1.466123436584831241e+00
-1.251105114265632423e+00
-1.059269908456028420e+00
-1.126472957953412735e+00
-1.198519723684107197e+00
-1.287763952919883437e+00
-1.372972441309772362e+00
-1.452273018096690294e+00
-1.508864291468681396e+00
-1.062990803568315323e+00
-1.053714397185654850e+00
-6.894079853322127027e-01
-3.601109021268116273e-01
4.198332813730253910e-01
8.498852392273900103e-01
7.424892848963959846e-01
6.986432919492416849e-01
6.986432919492416849e-01
7.363420502315946026e-01
7.874271270173022197e-01
7.815508161328265091e-01
7.844932879475560172e-01
7.394203911183110378e-01
7.394203911183110378e-01
7.332542038937160944e-01
6.857544630926243334e-01
5.579287139328809042e-01
4.572051983060007041e-01
3.721743908555876224e-01
3.406190026458716935e-01
3.267843705386232478e-01
3.360286921457558695e-01
3.127556531483330349e-01
2.937392057314160976e-01
2.840936305468427792e-01
2.394988022840720265e-01
2.595646301608812712e-01
5.430779062105046684e-01
5.010630344257073210e-01
3.810102997645080647e-01
3.032926319178283481e-01
2.138367043652625865e-01
3.032926319178283481e-01
3.721743908555876224e-01
3.587723927634764443e-01
3.032926319178283481e-01
2.138367043652625865e-01
1.382682193179820274e-01
6.861454025847275873e-02
3.187959199860584264e-02
-1.929864226371988400e-02
-8.018972074082868218e-02
-1.752553765888706927e-01
-1.525013646032091774e-01
-2.304524261253167172e-01
-3.977267951623804643e-01
-4.268973942860364579e-01
-3.977267951623804643e-01
-2.975069643665288477e-01
-1.829565745691742185e-01
-5.266831170281933289e-02
1.494196794618051216e-01
1.269910003989353220e-01
3.221299644165072640e-01
5.165461816823020413e-01
6.627913844741823990e-01
6.825061310156721461e-01
6.256061679400835018e-01
4.853363841866265016e-01
3.766021044390817085e-01
2.743541113622661176e-01
2.344187958920399828e-01
1.659171149764348541e-01
8.648805642801286886e-02
3.809656235174500166e-02
-1.929864226371988400e-02
-8.018972074082868218e-02
-1.525013646032091774e-01
-2.304524261253167172e-01
-3.327993779766736937e-01
-3.693830568357338584e-01
-3.977267951623804643e-01
-4.388081377624465929e-01
-4.671643045466923883e-01
-4.889718934174503984e-01
-5.059123764123221179e-01
-5.220590222266289215e-01
-5.551561541230736196e-01
-7.792800748647137343e-01
-6.188346510987186022e-01
-5.551561541230736196e-01
-5.596530412933337084e-01
-8.340878611786277652e-01
-8.505305431147309747e-01
-7.570725368718729253e-01
-1.100981666157478722e+00
-1.055562807094938771e+00
-1.114626950610159151e+00
-1.181588306294695023e+00
-1.062990803568315323e+00
-9.738856022398991730e-01
-7.708943482167616157e-01
-6.945526535402133383e-01
-7.750784215150633427e-01
-8.703179274497291340e-01
-1.019228577523818791e+00
-1.118560048319872768e+00
-1.099047450878084753e+00
-1.124488852731808652e+00
-1.278472487468655938e+00
-1.338013073563172339e+00
-1.406566837541606052e+00
-1.414482327244597437e+00
-1.406566837541606052e+00
-1.417134808636075771e+00
-1.433199166253024126e+00
-1.463337963638663419e+00
-1.444053921950081198e+00
-1.452273018096690294e+00
-1.452273018096690294e+00
-1.330678179456947774e+00
-6.045911831088145449e-01
1.438594936922689416e-01
1.155851538729241179e-01
-2.385924414870332910e-01
-3.327993779766736937e-01
-4.378101393582916057e-01
-4.268973942860364579e-01
-3.601109021268116273e-01
-4.508624588833555769e-01
-6.176399159531922312e-01
-6.741309052440235261e-01
-6.945526535402133383e-01
-7.049220801709334960e-01
-9.047228910061959617e-01
-1.064856455934156010e+00
-6.010617913208093910e-01
-2.975069643665288477e-01
-1.084900451362774826e-01
-1.229463270298496447e-01
-2.143685181405786677e-01
-3.418205926422973051e-01
-3.509239310397981870e-01
-4.508624588833555769e-01
-5.585269222683379997e-01
-4.723136163189212144e-01
-3.787419896451040824e-01
-3.509239310397981870e-01
-3.977267951623804643e-01
-4.774895808052091462e-01
-5.540350849280011314e-01
-5.732663229888428358e-01
-6.010617913208093910e-01
-5.917105288350597014e-01
-6.212284121116521396e-01
-6.442595741974188606e-01
-7.049220801709334960e-01
-9.111075314489096577e-01
-9.031330799423686884e-01
-8.490245316469114956e-01
-7.919920082264361172e-01
-8.063085283289312954e-01
-8.340878611786277652e-01
-9.807290182334891249e-01
-1.078014399692114322e+00
-1.093267151372836476e+00
-1.220095268620975837e+00
-1.085611695010135991e+00
-1.207094162460098818e+00
-1.217916645545386922e+00
-1.237697262761057404e+00
-1.283107428816808726e+00
-1.120532413398103611e+00
-9.223796891652156216e-01
-8.179111732724058115e-01
-7.667277084698906897e-01
-7.962654843445404751e-01
-8.580948105492817168e-01
-1.026390576309345493e+00
-1.039048842854166654e+00
-9.876195894577057821e-01
-9.858924902945714885e-01
-1.278472487468655938e+00
-1.226659761834649975e+00
-1.134448981472243601e+00
-1.134448981472243601e+00
-1.061128625380615587e+00
-1.194259917994193954e+00
-1.362858720667659895e+00
-1.383189495271238689e+00
-1.181588306294695023e+00
-1.118560048319872768e+00
-1.099047450878084753e+00
-1.318571660952984503e+00
-1.304234692858735167e+00
-1.338013073563172339e+00
-1.460560228004942784e+00
-1.619574375458646465e+00
-1.584427627139570083e+00
-1.679893014508655247e+00
-1.632667608187523323e+00
-1.503058855868296906e+00
-7.557008052574054613e-01
-4.448171351006599550e-01
-4.298618066568463680e-01
-5.462225948344252568e-01
-6.653258799684491631e-01
-7.101473961099665777e-01
-8.475207848394510357e-01
-1.070474388340484140e+00
-1.072354068025832108e+00
-9.502958551302339574e-01
6.494289261129627677e-01
6.954366251825296885e-01
4.198332813730253910e-01
1.213043387146550828e-01
-5.266831170281933289e-02
-1.985392126504942623e-01
-2.803171108096377262e-01
-3.977267951623804643e-01
-4.764522424404167289e-01
-5.395744128419808217e-01
-5.940401591681293558e-01
-6.188346510987186022e-01
-6.332839304665429658e-01
-7.877367170212352665e-01
-7.529629740984266073e-01
-6.541178719953880671e-01
-6.881259432325292913e-01
-8.749403912773274783e-01
-8.149978668953424821e-01
-8.596145545309069602e-01
-8.490245316469114956e-01
-5.395744128419808217e-01
-4.170790099625506508e-01
1.494196794618051216e-01
6.661042850156173589e-01
6.324707773290886292e-01
4.733769305369728286e-01
2.344187958920399828e-01
1.155851538729241179e-01
-3.251318854944282299e-02
-6.633434071524810238e-02
-2.304524261253167172e-01
-2.143685181405786677e-01
-2.975069643665288477e-01
-2.143685181405786677e-01
-3.418205926422973051e-01
-3.062139853538571321e-01
-3.881893402252481473e-01
-4.438131246912814798e-01
-4.559282966247909519e-01
-4.589801633113442247e-01
-4.073560897657402813e-01
-2.718317381407034383e-01
-3.509239310397981870e-01
-3.881893402252481473e-01
-4.170790099625506508e-01
-4.170790099625506508e-01
-2.143685181405786677e-01
-1.600286542988002270e-01
-2.588408753620826883e-02
8.648805642801286886e-02
1.213043387146550828e-01
9.822868624446307040e-02
3.809656235174500166e-02
-1.275628150465452429e-02
-1.275628150465452429e-02
4.427512066805013025e-02
8.056564274113939272e-02
2.014159763996454708e-04
-1.013395253670576618e-01
-1.907175415907190752e-01
-2.143685181405786677e-01
-1.907175415907190752e-01
-1.600286542988002270e-01
-2.064225448584937617e-01
-2.143685181405786677e-01
-7.323803447552257317e-02
4.427512066805013025e-02
7.460794499987442874e-02
-6.256445170452954070e-03
-1.156920632997562176e-01
-1.676130340898472626e-01
-2.304524261253167172e-01
-2.385924414870332910e-01
-2.634177616229331220e-01
-2.975069643665288477e-01
-2.975069643665288477e-01
-2.888751016596780019e-01
-3.149974849438673119e-01
-3.693830568357338584e-01
-5.037790552255562160e-01
-4.569445509947998030e-01
-5.274996983502570069e-01
-5.285913947299699656e-01
-4.879225816466542520e-01
-4.268973942860364579e-01
-4.170790099625506508e-01
-4.278845556491895907e-01
-4.692208485015557096e-01
-4.723136163189212144e-01
-4.681920478525891105e-01
-4.170790099625506508e-01
-3.787419896451040824e-01
-4.073560897657402813e-01
-4.318429749327518108e-01
-4.816497285778849058e-01
-5.998880901090570816e-01
-5.451114906378889957e-01
-5.274996983502570069e-01
-8.718563758161663735e-01
-8.811371031583303814e-01
-9.047228910061959617e-01
-9.288784334019908329e-01
-9.453125032430597097e-01
-9.790137686974392794e-01
-9.876195894577057821e-01
-9.963001137189098078e-01
-1.013890540634291959e+00
-1.031795939425426356e+00
-1.050027795755680504e+00
-1.068598235223067627e+00
-1.078014399692114322e+00
-1.087520071800751165e+00
-1.106806860949473448e+00
-1.126472957953412735e+00
-1.146533582108238303e+00
-1.167004887480242115e+00
-1.177399868436572739e+00
-1.187904041060841021e+00
-1.198519723684107197e+00
-1.209249309263706440e+00
-1.231060153856461392e+00
-1.242146601954451812e+00
-1.253357338589569325e+00
-1.264695182149160546e+00
-1.271560108228825703e+00
-1.276163047986375920e+00
-1.287763952919883437e+00
-1.292442261720196051e+00
-1.297142560007645384e+00
-1.299501019997741702e+00
-1.304234692858735167e+00
-1.311377483544143185e+00
-1.318571660952984503e+00
-1.323396694509467508e+00
-1.333117171187422345e+00
-1.335562126145785067e+00
-1.342933063779060854e+00
-1.347877380031850203e+00
-1.352846264069049509e+00
-1.360346192473783411e+00
-1.367902795125055748e+00
-1.372972441309772362e+00
-1.372972441309772362e+00
-1.372972441309772362e+00
-1.372972441309772362e+00
-1.372972441309772362e+00
-1.385760153149977247e+00
-1.393512015910021162e+00
-1.398713511085324157e+00
-1.411836862902171807e+00
-1.419794344400817643e+00
-1.411836862902171807e+00
-1.398713511085324157e+00
-1.398713511085324157e+00
-1.393512015910021162e+00
-1.393512015910021162e+00
-1.393512015910021162e+00
-1.393512015910021162e+00
-1.393512015910021162e+00
-1.393512015910021162e+00
-1.393512015910021162e+00
-1.393512015910021162e+00
-1.385760153149977247e+00
-1.385760153149977247e+00
-1.385760153149977247e+00
-1.383189495271238689e+00
-1.383189495271238689e+00
-1.372972441309772362e+00
-1.372972441309772362e+00
-1.372972441309772362e+00
-1.372972441309772362e+00
-1.372972441309772362e+00
-1.360346192473783411e+00
-1.360346192473783411e+00
-1.360346192473783411e+00
-1.360346192473783411e+00
-1.360346192473783411e+00
-1.360346192473783411e+00
-1.360346192473783411e+00
-1.360346192473783411e+00
-1.372972441309772362e+00
-1.372972441309772362e+00
-1.347877380031850203e+00
-1.323396694509467508e+00
-1.311377483544143185e+00
-1.280787272809969179e+00
-1.264695182149160546e+00
-1.246615826275734307e+00
-1.146533582108238303e+00
-9.337803583994455092e-01
-2.718317381407034383e-01
5.905579686357566027e-01
8.415944765802172434e-01
1.110119240978739263e+00
1.265072589218331434e+00
1.422760055565462478e+00
1.791152873026868431e+00
1.912347988388110265e+00
1.822856254089619377e+00
1.603955667555385434e+00
1.478594075044344924e+00
1.281293528396498349e+00
1.131112954266607851e+00
1.088675323342948253e+00
1.141446815198081000e+00
1.122768282398090012e+00
1.114353390607867755e+00
1.179769500389800108e+00
1.209019871475912167e+00
1.145550642981836287e+00
1.023753877501020426e+00
1.048877925247973630e+00
1.019117269309991913e+00
8.797098247984964647e-01
7.815508161328265091e-01
9.060721923467081051e-01
1.321589734451515730e+00
1.447287974911813935e+00
1.325018207935861891e+00
1.064543437691061190e+00
8.415944765802172434e-01
6.954366251825296885e-01
5.725621986517298589e-01
6.627913844741823990e-01
6.426801366793736259e-01
5.689238539849554854e-01
4.853363841866265016e-01
5.905579686357566027e-01
6.694062464771668441e-01
6.494289261129627677e-01
6.324707773290886292e-01
5.579287139328809042e-01
6.047249912509153891e-01
6.694062464771668441e-01
7.667071665726686858e-01
9.443567662753483694e-01
1.143500834263787569e+00
1.193526211722234276e+00
1.082151441803480552e+00
9.215623463488827882e-01
7.145241750435428196e-01
5.833984752874760149e-01
4.653237546806871516e-01
3.984512915484326179e-01
3.406190026458716935e-01
3.360286921457558695e-01
2.889280477341277797e-01
2.138367043652625865e-01
1.874986794011529179e-01
2.138367043652625865e-01
8.648805642801286886e-02
9.237560153583757039e-02
1.098330717199517692e-01
8.056564274113939272e-02
1.299335706508101748e-02
2.562372900464963271e-02
3.267843705386232478e-01
5.761873537403225942e-01
6.221561109187230265e-01
5.355689701407323478e-01
3.542648465528667745e-01
2.086243025073076518e-01
1.269910003989353220e-01
8.056564274113939272e-02
1.155851538729241179e-01
1.213043387146550828e-01
1.040477116080444075e-01
3.187959199860584264e-02
-5.947798134707524970e-02
-1.013395253670576618e-01
-8.719007144532844866e-02
-1.985392126504942623e-01
-1.302535998784971338e-01
1.451820727885705598e+00
2.020429810072428722e+00
1.873559029191070202e+00
1.828043791838475318e+00
1.752848712118641128e+00
1.656908063395951647e+00
1.565684878212849407e+00
1.430489854583496534e+00
1.272314398502627064e+00
1.165820899107634867e+00
1.026064144636158915e+00
9.241208703064811569e-01
8.388155435209585509e-01
8.276219367138492045e-01
8.019685835431943355e-01
9.317573988321798950e-01
1.048877925247973630e+00
1.241167826063782398e+00
1.399205560628208778e+00
1.343667539451872450e+00
1.201303047985514905e+00
1.086505421732975707e+00
9.836400242776648373e-01
8.304321068926845406e-01
8.163016133196646651e-01
8.797098247984964647e-01
8.415944765802172434e-01
7.667071665726686858e-01
7.576940520241434163e-01
7.394203911183110378e-01
6.825061310156721461e-01
6.358854914405623893e-01
6.290443629807785930e-01
5.905579686357566027e-01
5.280032230910878255e-01
4.407676363357384552e-01
3.406190026458716935e-01
3.127556531483330349e-01
3.853991481577700440e-01
4.282596855715465889e-01
4.113352690605693307e-01
3.542648465528667745e-01
2.889280477341277797e-01
1.981172764108373452e-01
2.792357281869323749e-01
5.941185847272172360e-01
4.240553589819929248e-01
3.897688186988509385e-01
3.174537934561680319e-01
2.241807020054620292e-01
1.659171149764348541e-01
1.040477116080444075e-01
8.056564274113939272e-02
1.155851538729241179e-01
1.040477116080444075e-01
-3.251318854944282299e-02
-1.376146622595236790e-01
-1.156920632997562176e-01
-2.718317381407034383e-01
-1.275628150465452429e-02
5.317932516648977703e-01
7.424892848963959846e-01
1.101596775103441450e+00
1.682368595504435849e+00
1.567029234447586683e+00
1.360324858910708201e+00
1.157762035281403978e+00
1.044356616707539098e+00
8.553744718243055933e-01
7.332542038937160944e-01
6.221561109187230265e-01
5.393304861741721190e-01
4.572051983060007041e-01
3.984512915484326179e-01
4.490201911210851549e-01
7.332542038937160944e-01
8.360288664677234527e-01
7.546715371671030015e-01
6.324707773290886292e-01
4.971544979873407377e-01
3.406190026458716935e-01
2.138367043652625865e-01
1.382682193179820274e-01
1.269910003989353220e-01
1.382682193179820274e-01
-2.588408753620826883e-02
-8.018972074082868218e-02
-7.323803447552257317e-02
2.014159763996454708e-04
1.604481547426652166e-01
1.040477116080444075e-01
1.713563282951201250e-01
1.549491204335644301e-01
8.648805642801286886e-02
3.809656235174500166e-02
2.562372900464963271e-02
5.651887955373603722e-02
6.861454025847275873e-02
8.056564274113939272e-02
8.056564274113939272e-02
5.041573869780331674e-02
-1.275628150465452429e-02
-5.947798134707524970e-02
-1.013395253670576618e-01
-1.450303119488242642e-01
-2.550739898159346541e-01
-3.418205926422973051e-01
-1.450303119488242642e-01
-2.223781359694838589e-01
-2.803171108096377262e-01
-2.888751016596780019e-01
-2.467992608563787105e-01
-3.238588185588915369e-01
-3.977267951623804643e-01
-4.073560897657402813e-01
-4.589801633113442247e-01
-4.610199277990358890e-01
-4.640873970095835688e-01
-5.428929790579040127e-01
-5.653027374893235812e-01
-5.928746656045639218e-01
-5.882262277927149396e-01
-6.140642510681563193e-01
-6.010617913208093910e-01
-7.036200063063274834e-01
-7.353474783394093883e-01
-6.919770109884902931e-01
-6.057704206111430567e-01
-5.653027374893235812e-01
-6.128751983356559574e-01
-6.516441713942471292e-01
-6.393666321513471473e-01
-6.442595741974188606e-01
-6.344975144632388764e-01
-5.732663229888428358e-01
-5.812938366200770535e-01
-8.565773726851557690e-01
-8.999610202800512049e-01
-1.012117508422709866e+00
-1.089432097457863069e+00
-1.246615826275734307e+00
-9.047228910061959617e-01
-9.553041652409597351e-01
-9.790137686974392794e-01
-1.033604239564779759e+00
-1.001544828782433338e+00
-9.790137686974392794e-01
-9.807290182334891249e-01
-9.876195894577057821e-01
-9.586570282490420869e-01
-9.453125032430597097e-01
-9.143152033850785454e-01
-6.741309052440235261e-01
-6.128751983356559574e-01
-8.005573014686603317e-01
-7.750784215150633427e-01
-8.355715284431385337e-01
-8.208329918080744525e-01
-8.611366116501301127e-01
-8.920746148951658183e-01
-9.159229060571848491e-01
-9.207615807419157195e-01
-8.718563758161663735e-01
-1.029990903333970254e+00
-1.070474388340484140e+00
-1.006817195973302992e+00
-1.019228577523818791e+00
-9.858924902945714885e-01
-9.486319769978974747e-01
-9.469708627578629079e-01
-9.436568893319730034e-01
-9.569791915343623945e-01
-9.721820408383042844e-01
-1.013890540634291959e+00
-1.024595262041666954e+00
-1.006817195973302992e+00
-1.008580847151394178e+00
-1.055562807094938771e+00
-1.164938795346818212e+00
-1.140473027204747858e+00
-1.048189579182464470e+00
-8.889373854382733864e-01
-8.063085283289312954e-01
-7.206806600940218743e-01
-6.590837068150006139e-01
-6.308611719147746433e-01
-6.176399159531922312e-01
-6.176399159531922312e-01
-6.176399159531922312e-01
-6.308611719147746433e-01
-7.708943482167616157e-01
-8.936469281878686166e-01
-9.553041652409597351e-01
-9.620211707767619691e-01
-9.790137686974392794e-01
-9.963001137189098078e-01
-1.005056649785367240e+00
-1.013890540634291959e+00
-1.031795939425426356e+00
-1.035415815578190957e+00
-1.040870318092854463e+00
-1.046354735450353957e+00
-1.050027795755680504e+00
-1.059269908456028420e+00
-1.068598235223067627e+00
-1.072354068025832108e+00
-1.076124060305982510e+00
-1.078014399692114322e+00
-1.091347785961656713e+00
-1.106806860949473448e+00
-1.106806860949473448e+00
-1.106806860949473448e+00
-1.108756157671615172e+00
-1.112666187557383557e+00
-1.126472957953412735e+00
-1.136452967294101279e+00
-1.150594454449661574e+00
-1.156716851415965142e+00
-1.156716851415965142e+00
-1.156716851415965142e+00
-1.156716851415965142e+00
-1.156716851415965142e+00
-1.156716851415965142e+00
-1.156716851415965142e+00
-1.156716851415965142e+00
-1.156716851415965142e+00
-1.156716851415965142e+00
-1.156716851415965142e+00
-1.156716851415965142e+00
-1.156716851415965142e+00
-1.156716851415965142e+00
-1.156716851415965142e+00
-1.156716851415965142e+00
-1.156716851415965142e+00
-1.156716851415965142e+00
-1.156716851415965142e+00
-1.156716851415965142e+00
-1.156716851415965142e+00
-1.156716851415965142e+00
-1.156716851415965142e+00
-1.154671884737813237e+00
-1.148561956944848195e+00
-1.142489133777655708e+00
-1.136452967294101279e+00
-1.126472957953412735e+00
-1.116591565809066378e+00
-7.101473961099665777e-01
-3.327993779766736937e-01
-2.888751016596780019e-01
-4.774895808052091462e-01
-5.870674867560059518e-01
-7.502326181975649266e-01
-9.288784334019908329e-01
-1.087520071800751165e+00
-1.209249309263706440e+00
-1.299501019997741702e+00
-1.360346192473783411e+00
-1.385760153149977247e+00
-1.264695182149160546e+00
-1.013890540634291959e+00
-6.906916731739732862e-01
-2.803171108096377262e-01
-8.018972074082868218e-02
1.438594936922689416e-01
1.928220721650857061e-01
1.098330717199517692e-01
5.041573869780331674e-02
-1.013395253670576618e-01
-2.064225448584937617e-01
-2.223781359694838589e-01
-1.752553765888706927e-01
-1.084900451362774826e-01
-1.229463270298496447e-01
-1.829565745691742185e-01
-2.385924414870332910e-01
-2.975069643665288477e-01
-3.327993779766736937e-01
-3.238588185588915369e-01
-2.975069643665288477e-01
-2.888751016596780019e-01
-3.062139853538571321e-01
-3.327993779766736937e-01
-3.693830568357338584e-01
-3.787419896451040824e-01
-3.977267951623804643e-01
-4.170790099625506508e-01
-4.889718934174503984e-01
-5.473349349568708000e-01
-5.940401591681293558e-01
-5.664365171401479770e-01
-5.574020699610556795e-01
-5.574020699610556795e-01
-5.687079401131225342e-01
-6.381471282723555349e-01
-6.603290281588191091e-01
-7.127703288485147670e-01
-6.393666321513471473e-01
-6.565977069689294954e-01
-7.515968642928694265e-01
-6.381471282723555349e-01
-5.664365171401479770e-01
-4.743807883529253533e-01
-2.888751016596780019e-01
-1.907175415907190752e-01
-1.156920632997562176e-01
-8.018972074082868218e-02
-1.084900451362774826e-01
-1.752553765888706927e-01
-1.985392126504942623e-01
-2.143685181405786677e-01
-2.467992608563787105e-01
-2.718317381407034383e-01
-2.550739898159346541e-01
-6.256445170452954070e-03
3.853991481577700440e-01
5.689238539849554854e-01
6.117339423532857090e-01
6.152200815478282570e-01
6.186941097841508475e-01
5.941185847272172360e-01
5.165461816823020413e-01
4.282596855715465889e-01
3.632597121405387597e-01
2.985273272752254070e-01
2.445531325908977816e-01
1.928220721650857061e-01
1.382682193179820274e-01
8.056564274113939272e-02
3.809656235174500166e-02
-1.929864226371988400e-02
-7.323803447552257317e-02
-1.156920632997562176e-01
-1.376146622595236790e-01
-1.985392126504942623e-01
-2.550739898159346541e-01
-3.327993779766736937e-01
-3.881893402252481473e-01
-4.308519001664137815e-01
-4.671643045466923883e-01
-4.942350319191441965e-01
-5.134150453511230339e-01
-5.253198745014698856e-01
-5.362668230916995959e-01
-5.406793783786688623e-01
-5.462225948344252568e-01
-5.596530412933337084e-01
-6.116875577705852551e-01
-6.804680163378054036e-01
-7.407346554469748101e-01
-8.120930232238446900e-01
-8.795843215430028117e-01
-9.653966689722596195e-01
-1.017446063947769819e+00
-9.191460863642395562e-01
-5.517967098960815386e-01
-2.718317381407034383e-01
-1.450303119488242642e-01
-5.266831170281933289e-02
-1.275628150465452429e-02
-6.256445170452954070e-03
-5.947798134707524970e-02
-1.084900451362774826e-01
-1.525013646032091774e-01
-1.907175415907190752e-01
-2.304524261253167172e-01
-2.888751016596780019e-01
-2.634177616229331220e-01
5.651887955373603722e-02
1.213043387146550828e-01
6.258499792060591427e-02
-5.266831170281933289e-02
-1.752553765888706927e-01
-2.803171108096377262e-01
-3.601109021268116273e-01
-4.418081229322176617e-01
-5.166477869537794421e-01
-5.928746656045639218e-01
-6.541178719953880671e-01
-7.220051536109440837e-01
-7.863223010186377593e-01
-8.385454831525299690e-01
-8.920746148951658183e-01
-9.910827622396846115e-01
-1.079908319230017399e+00
-9.824472149063148141e-01
-9.127100812726419710e-01
-6.665790040239459868e-01
-4.785279963583867757e-01
-4.170790099625506508e-01
-4.268973942860364579e-01
-4.931801858357754975e-01
-5.744091728198227331e-01
-6.716072627288465213e-01
-7.625783575981942564e-01
-8.385454831525299690e-01
-8.780339473207416923e-01
-8.999610202800512049e-01
-9.207615807419157195e-01
-9.420040119482940844e-01
-9.420040119482940844e-01
-9.111075314489096577e-01
-8.580948105492817168e-01
-8.535493873884248961e-01
-8.596145545309069602e-01
-8.952217175433188068e-01
-9.403538620606699538e-01
-1.083706953185718413e+00
-1.215742758552042391e+00
-1.325817969819837128e+00
-1.401324439813614875e+00
-1.466123436584831241e+00
-1.517636131510806452e+00
-1.550474344961705553e+00
-1.553513808380814654e+00
-1.568851264492848507e+00
-1.575052725274537879e+00
-1.587572227518432966e+00
-1.609865740219420083e+00
-1.635967879203314768e+00
-1.388337436345726372e+00
-3.918652796685388046e-02
4.813657705151057620e-01
5.579287139328809042e-01
4.853363841866265016e-01
2.840936305468427792e-01
9.822868624446307040e-02
-3.251318854944282299e-02
-1.084900451362774826e-01
-1.907175415907190752e-01
-2.304524261253167172e-01
-2.975069643665288477e-01
-3.787419896451040824e-01
-4.774895808052091462e-01
-5.812938366200770535e-01
-7.461510114947982331e-01
-8.326063919219537368e-01
-7.764770120048929414e-01
-7.543309527132792125e-01
-8.091965932345706047e-01
-8.580948105492817168e-01
-8.936469281878686166e-01
-9.079101157820093082e-01
-9.486319769978974747e-01
-9.824472149063148141e-01
-9.997935323118561923e-01
-1.006817195973302992e+00
-1.015666722073612194e+00
-1.031795939425426356e+00
-1.050027795755680504e+00
-1.068598235223067627e+00
-1.108756157671615172e+00
-1.185794360977346251e+00
-1.242146601954451812e+00
-1.209249309263706440e+00
-4.398071331625030278e-01
-2.143685181405786677e-01
-1.600286542988002270e-01
-3.918652796685388046e-02
-1.229463270298496447e-01
-2.634177616229331220e-01
-4.170790099625506508e-01
-5.721247777727659356e-01
-5.440016196238168789e-01
-1.376146622595236790e-01
1.713563282951201250e-01
1.928220721650857061e-01
6.258499792060591427e-02
-5.266831170281933289e-02
-1.525013646032091774e-01
-2.467992608563787105e-01
-3.418205926422973051e-01
-4.468281850999353821e-01
-5.406793783786688623e-01
-5.005875824851877542e-01
-2.304524261253167172e-01
-3.251318854944282299e-02
2.014159763996454708e-04
3.809656235174500166e-02
2.394988022840720265e-01
3.853991481577700440e-01
4.070590274988647450e-01
3.497368903356560255e-01
2.394988022840720265e-01
1.155851538729241179e-01
1.932848368923811150e-02
-5.266831170281933289e-02
-1.084900451362774826e-01
-1.013395253670576618e-01
-7.323803447552257317e-02
-7.323803447552257317e-02
-7.323803447552257317e-02
-1.013395253670576618e-01
-1.376146622595236790e-01
-1.829565745691742185e-01
-2.385924414870332910e-01
-2.803171108096377262e-01
-3.238588185588915369e-01
-3.693830568357338584e-01
-4.073560897657402813e-01
-4.806080679947628553e-01
-6.045911831088145449e-01
-6.442595741974188606e-01
-6.906916731739732862e-01
-7.366915542777693338e-01
-7.420859966069899283e-01
-7.877367170212352665e-01
-8.208329918080744525e-01
-8.520388260744194975e-01
-8.764859730383901537e-01
-8.641876935424153139e-01
-8.826922996546774369e-01
-8.889373854382733864e-01
-8.999610202800512049e-01
-9.031330799423686884e-01
-8.952217175433188068e-01
-8.565773726851557690e-01
-8.826922996546774369e-01
-8.999610202800512049e-01
-9.031330799423686884e-01
-8.475207848394510357e-01
-8.475207848394510357e-01
-9.111075314489096577e-01
-8.764859730383901537e-01
-7.792800748647137343e-01
-7.220051536109440837e-01
-7.353474783394093883e-01
-7.625783575981942564e-01
-8.091965932345706047e-01
-8.340878611786277652e-01
-8.063085283289312954e-01
-8.034287803281943141e-01
-8.120930232238446900e-01
-7.598216579820858962e-01
-7.488702307343300113e-01
-7.502326181975649266e-01
-7.420859966069899283e-01
-7.434391663612643919e-01
-7.681146602920687627e-01
-7.962654843445404751e-01
-8.193710154126726541e-01
-8.193710154126726541e-01
-8.164534591649934558e-01
-8.193710154126726541e-01
-8.193710154126726541e-01
-8.611366116501301127e-01
-8.983787557229080400e-01
-9.031330799423686884e-01
-9.031330799423686884e-01
-8.999610202800512049e-01
-8.936469281878686166e-01
-8.936469281878686166e-01
-8.999610202800512049e-01
-9.127100812726419710e-01
-9.256237820833086438e-01
-9.387064306823597049e-01
-9.586570282490420869e-01
-9.670887004530014375e-01
-9.790137686974392794e-01
-9.876195894577057821e-01
-1.003299197673851006e+00
-1.003299197673851006e+00
-1.003299197673851006e+00
-1.005056649785367240e+00
